input request for view only request

n = 312 (worst case where all values distances are less than 1)
0.1 0.3 0.2 0.5 0.8 0.7 0.4 0.2 0.6 0.7 0.1 0.3 0.2 0.5 0.8 0.7 0.4 0.2 0.6 0.7 0.1 0.3 0.2 0.5 0.8 0.7 0.4 0.2 0.6 0.7 0.1 0.3 0.2 0.5 0.8 0.7 0.4 0.2 0.6 0.7 0.1 0.3 0.2 0.5 0.8 0.7 0.4 0.2 0.6 0.7 0.1 0.3 0.2 0.5 0.8 0.7 0.4 0.2 0.6 0.7 0.1 0.3 0.2 0.5 0.8 0.7 0.4 0.2 0.6 0.7 0.1 0.3 0.2 0.5 0.8 0.7 0.4 0.2 0.6 0.7 0.1 0.3 0.2 0.5 0.8 0.7 0.4 0.2 0.6 0.7 0.1 0.3 0.2 0.5 0.8 0.7 0.4 0.2 0.6 0.7 0.9 0.3 0.3 0.4 0.5 0.4 0.1 0.3 0.2 0.5 0.8 0.7 0.4 0.2 0.6 0.7 0.1 0.3 0.2 0.5 0.8 0.7 0.4 0.2 0.6 0.7 0.1 0.3 0.2 0.5 0.8 0.7 0.4 0.2 0.6 0.7 0.1 0.3 0.2 0.5 0.8 0.7 0.4 0.2 0.6 0.7 0.1 0.3 0.2 0.5 0.8 0.7 0.4 0.2 0.6 0.7 0.1 0.3 0.2 0.5 0.8 0.7 0.4 0.2 0.6 0.7 0.1 0.3 0.2 0.5 0.8 0.7 0.4 0.2 0.6 0.7 0.1 0.3 0.2 0.5 0.8 0.7 0.4 0.2 0.6 0.7 0.1 0.3 0.2 0.5 0.8 0.7 0.4 0.2 0.6 0.7 0.1 0.3 0.2 0.5 0.8 0.7 0.4 0.2 0.6 0.7 0.9 0.3 0.3 0.4 0.5 0.4 0.1 0.3 0.2 0.5 0.8 0.7 0.4 0.2 0.6 0.7 0.1 0.3 0.2 0.5 0.8 0.7 0.4 0.2 0.6 0.7 0.1 0.3 0.2 0.5 0.8 0.7 0.4 0.2 0.6 0.7 0.1 0.3 0.2 0.5 0.8 0.7 0.4 0.2 0.6 0.7 0.1 0.3 0.2 0.5 0.8 0.7 0.4 0.2 0.6 0.7 0.1 0.3 0.2 0.5 0.8 0.7 0.4 0.2 0.6 0.7 0.1 0.3 0.2 0.5 0.8 0.7 0.4 0.2 0.6 0.7 0.1 0.3 0.2 0.5 0.8 0.7 0.4 0.2 0.6 0.7 0.1 0.3 0.2 0.5 0.8 0.7 0.4 0.2 0.6 0.7 0.1 0.3 0.2 0.5 0.8 0.7 0.4 0.2 0.6 0.7 0.9 0.3 0.3 0.4 0.5 0.4 

n = 392
0.1 0.3 0.2 0.5 0.8 0.7 0.4 0.2 0.6 0.7 0.1 0.3 0.2 0.5 0.8 0.7 0.4 0.2 0.6 0.7 0.1 0.3 0.2 0.5 0.8 0.7 0.4 0.2 0.6 0.7 0.1 0.3 0.2 0.5 0.8 0.7 0.4 0.2 0.6 0.7 0.1 0.3 0.2 0.5 0.8 0.7 0.4 0.2 0.6 0.7 0.1 0.3 0.2 0.5 0.8 0.7 0.4 0.2 0.6 0.7 0.1 0.3 0.2 0.5 0.8 0.7 0.4 0.2 0.6 0.7 0.1 0.3 0.2 0.5 0.8 0.7 0.4 0.2 0.6 0.7 0.1 0.3 0.2 0.5 0.8 0.7 0.4 0.2 0.6 0.7 0.1 0.3 0.2 0.5 0.8 0.7 0.4 0.2 0.6 0.7 0.9 0.3 0.3 0.4 0.5 0.4 0.1 0.3 0.2 0.5 0.8 0.7 0.4 0.2 0.6 0.7 0.1 0.3 0.2 0.5 0.8 0.7 0.4 0.2 0.6 0.7 0.1 0.3 0.2 0.5 0.8 0.7 0.4 0.2 0.6 0.7 0.1 0.3 0.2 0.5 0.8 0.7 0.4 0.2 0.6 0.7 0.1 0.3 0.2 0.5 0.8 0.7 0.4 0.2 0.6 0.7 0.1 0.3 0.2 0.5 0.8 0.7 0.4 0.2 0.6 0.7 0.1 0.3 0.2 0.5 0.8 0.7 0.4 0.2 0.6 0.7 0.1 0.3 0.2 0.5 0.8 0.7 0.4 0.2 0.6 0.7 0.1 0.3 0.2 0.5 0.8 0.7 0.4 0.2 0.6 0.7 0.1 0.3 0.2 0.5 0.8 0.7 0.4 0.2 0.6 0.7 0.9 0.3 0.3 0.4 0.5 0.4 0.1 0.3 0.2 0.5 0.8 0.7 0.4 0.2 0.6 0.7 0.1 0.3 0.2 0.5 0.8 0.7 0.4 0.2 0.6 0.7 0.1 0.3 0.2 0.5 0.8 0.7 0.4 0.2 0.6 0.7 0.1 0.3 0.2 0.5 0.8 0.7 0.4 0.2 0.6 0.7 0.1 0.3 0.2 0.5 0.8 0.7 0.4 0.2 0.6 0.7 0.1 0.3 0.2 0.5 0.8 0.7 0.4 0.2 0.6 0.7 0.1 0.3 0.2 0.5 0.8 0.7 0.4 0.2 0.6 0.7 0.1 0.3 0.2 0.5 0.8 0.7 0.4 0.2 0.6 0.7 0.1 0.3 0.2 0.5 0.8 0.7 0.4 0.2 0.6 0.7 0.1 0.3 0.2 0.5 0.8 0.7 0.4 0.2 0.6 0.7 0.9 0.3 0.3 0.4 0.5 0.4 0.1 0.2 0.3 0.4 0.5 0.6 0.7 0.8 0.9 5.3 3.2 2.4 9.6 17.8 25.6 23.5 56.7 3.4 2.3 5.6 8.9 5.6 1.2 3.4 2.3 1.5 7.8 9.6 11.2 24.3 13.4 15.6 17.9 2.4 3.4 5.6 9.8 6.7 4.5 4.9 0.1 0.2 0.3 0.4 0.5 0.6 0.7 0.8 0.9 5.3 3.2 2.4 9.6 17.8 25.6 23.5 56.7 3.4 2.3 5.6 8.9 5.6 1.2 3.4 2.3 1.5 7.8 9.6 11.2 24.3 13.4 15.6 17.9 2.4 3.4 5.6 9.8 6.7 4.5 4.9 

n = 6: 
0.5 0.6 1.3 7.8 90.5 4.5
0.5 0.6 1.3 7.8 90.5 4.5

n = 80

0.1 0.2 0.3 0.4 0.5 0.6 0.7 0.8 0.9 5.3 3.2 2.4 9.6 17.8 25.6 23.5 56.7 3.4 2.3 5.6 8.9 5.6 1.2 3.4 2.3 1.5 7.8 9.6 11.2 24.3 13.4 15.6 17.9 2.4 3.4 5.6 9.8 6.7 4.5 4.9 0.1 0.2 0.3 0.4 0.5 0.6 0.7 0.8 0.9 5.3 3.2 2.4 9.6 17.8 25.6 23.5 56.7 3.4 2.3 5.6 8.9 5.6 1.2 3.4 2.3 1.5 7.8 9.6 11.2 24.3 13.4 15.6 17.9 2.4 3.4 5.6 9.8 6.7 4.5 4.9 


